0.577509861226361 
 0.7385639421437071 
 0.967411015873726 
 0.6302132660967824 
 0.3550506675632764 
 0.7442590994997228 
 0.9366774176158055 
 0.4590879461701981 
 0.7177123202625699 
 0.4515722871180301 
 0.27349033203536344 
 0.4659649371031913 
 0.829088219005033 
 0.8277258859606681 
 0.14705689897641194 
 0.055889169321596155 
 0.8312717319316021 
 0.8360250638199223 
 0.8885281841446161 
 0.8416124830420834 
 0.5974831473871494 
 0.04181223841261883 
 0.2658286983931458 
 0.9153145548517512 
 0.09170326480958169 
 0.5512018116291485 
 0.209433270478245 
 0.311851797006214 
 0.6767687660718087 
 0.1433178338070753 
 0.5203688420434794 
 0.48972346387887333 
 0.8576738203335217 
 0.6214802220359543 
 0.46401053336523923 
 0.5516048773765803 
 0.07848022614342653 
 0.22239801476167875 
 0.4380604101954537 
 0.12003877082152314 
 0.6219015276585064 
 0.35949729132956276 
 0.18254669807445523 
 0.1419163577718061 
 0.3434900168589591 
 0.21339385307893788 
 0.31051743440540736 
 0.8597213207012382 
 0.10428607722347938 
 0.4758980200411571 
 0.5129526157468314 
 0.23089782945958415 
 0.16081921377360275 
 0.5721276695058207 
 0.06613068260091193 
 0.37306098243833263 
 0.07889173018845652 
 0.6699001947498222 
 0.4323709135803909 
 0.6011425694271313 
 0.07577701493596756 
 0.8438792127612965 
 0.2391594666012824 
 0.6205897778532607 
 0.5407625148910531 
 0.3560411146677491 
 0.8292646796522389 
 0.5558746416760063 
 0.34110906734899327 
 0.621330234504604 
 0.21828366397989796 
 0.030207820771875893 
 0.5855724062860667 
 0.0428908063617518 
 0.7170755598002745 
 0.22371814004273471 
 0.5236291666096937 
 0.3685593770236739 
 0.29789385576284 
 0.5592668495455304 
 0.38626924477399405 
 0.9887139839124878 
 0.8056429183557559 
 0.7383895123934013 
 0.5915355516451112 
 0.18638776666079304 
 0.3000784265498321 
 0.9304545989496166 
 0.5423493234734853 
 0.4379758869796373 
 0.8840202656748425 
 0.8628539301087877 
 0.03794175266923139 
 0.20936115008373912 
 0.07413851498948754 
 0.1054139431657457 
 0.9048035828155366 
 0.9571214321568234 
 0.21856086559141652 
 0.0105596028800099 
 0.4103622975144421 
 0.6871070009779074 
 0.11211089763933402 
 0.5425941971088182 
 0.017951867018997425 
 0.8478697388451452 
 0.5390928493092957 
 0.6716793066886847 
 0.21058612181243874 
 0.7612169097480649 
 0.4674795178300436 
 0.24659344324243881 
 0.39228653086526044 
 0.010150955195136202 
 0.7848265103253811 
 0.6214044368071064 
 0.7798902492459903 
 0.6833092477143512 
 0.8691336180325472 
 0.822564855989496 
 0.6587446353159573 
 0.6421945702701207 
 0.9806317012995751 
 0.5136214987321911 
 0.6425920590378318 
 0.024851033189834393 
 0.4198415904480124 
 0.42672368705882935 
 0.3866500102200584 
 0.5339011558451983 
 0.26730285008350674 
 0.08866608909370544 
 0.7124272131561006 
 0.732290563104509 
 0.46015454691171087 
 0.12772459598329833 
 0.6274801091912793 
 0.026363004186338967 
 0.4384255050177468 
 0.8961748493543766 
 0.07229225171110598 
 0.7973338705552246 
 0.8652474740675656 
 0.33239920733356 
 0.8955341756177915 
 0.7863110962099513 
 0.6626627140849958 
 0.6937197250403161 
 0.8053082354572098 
 0.2548550153988214 
 0.33172719765292136 
 0.5378628082391766 
 0.7451369164097603 
 0.6862902337405065 
 0.7635063098987304 
 0.30982765038462956 
 0.004172218973051978 
 0.4721528807814309 
 0.9794610985371667 
 0.7946394447491657 
 0.14317247592417837 
 0.6173298591315957 
 0.9176811408617587 
 0.2998314309789215 
 0.5517860233223146 
 0.37412428449758284 
 0.0492709901706504 
 0.5032729597907394 
 0.5518174946168966 
 0.18777547796701788 
 0.9199874043085999 
 0.40443528396347284 
 0.9225935669212338 
 0.013500598649335838 
 0.38760506803482986 
 0.843592531370739 
 0.8022036270535016 
 0.9174148480466442 
 0.8773698475443409 
 0.7988478497698424 
 0.36653088452684546 
 0.5799840529512569 
 0.14403429722669758 
 0.5765253720626038 
 0.0272517624629105 
 0.6341751181753412 
 0.4963235905375809 
 0.356884811933583 
 0.44938469362825995 
 0.27983042667376345 
 0.4922656225259697 
 0.5682911121647257 
 0.6645888063920932 
 0.02169033412255328 
 0.47762066285833527 
 0.6137956451324584 
 0.39390516344122883 
 0.15144830246366214 
 0.02751151629654447 
 0.39880111812567076 
 0.4135829871604605 
 0.3461571581237891 
 0.23406711334101604 
 0.21129170606484993 
 0.45748942867592823 
 0.26303779584727105 
 0.6474880292494312 
 0.8145719359656252 
 0.7103073080512368 
 0.9189406020381569 
 0.8329038273643034 
 0.7236822623987224 
 0.4162723027502103 
 0.8168263341859253 
 0.779027285186256 
 0.4997360105628711 
 0.9975187209930353 
 0.26521586732891445 
 0.8139016145811578 
 0.39911808942668225 
 0.6415099237733604 
 0.7428442327326628 
 0.07822917914350302 
 0.38224337258666463 
 0.6323791442175059 
 0.4208874241741086 
 0.744855781363481 
 0.6492380517012278 
 0.6992276777718699 
 0.26681453820711554 
 0.6100785718836941 
 0.4588872386288716 
 0.5094300387889363 
 0.053616211596206664 
 0.24502729928808298 
 0.3455798563965422 
 0.7393895408118006 
 0.7897909372807054 
 0.31069812122311413 
 0.7651582965164401 
 0.022400989890270395 
 0.3559856413773035 
 0.6140781044782019 
 0.8640435805814697 
 0.02982333869905418 
 0.4168775180431169 
 0.4317273635630785 
 0.8419360925706355 
 0.4072659441070231 
 0.7554391715488215 
 0.7334641455921459 
 0.8013838036277727 
 0.6445392469607921 
 0.005634127329085747 
 0.18031721228795305 
 0.3580953666594414 
 0.6835624969097861 
 0.9607080078407205 
 0.3360638740967723 
 0.489111281028092 
 0.997647986271228 
 0.03152852896908942 
 0.23455130263494883 
 0.4550932221385925 
 0.9340366931680844 
 0.5647567106905521 
 0.02706923132352146 
 0.26367913191775416 
 0.9181614578778649 
 0.6124673432889349 
 0.6774906084336144 
 0.06020706470724979 
 0.458785378128867 
 0.758340682550143 
 0.5947499483459466 
 0.5435198418468978 
 0.43628225311177615 
 0.7428070493420913 
 0.008740109265175766 
 0.6051807216310037 
 0.8564056385132229 
 0.8406361096818457 
 0.8749038797319391 
 0.9419025439615195 
 0.501215283304203 
 0.19319725797258225 
 0.4371177767633512 
 0.3974726379666953 
 0.8640365759170965 
 0.6385131204660364 
 0.3599516059006753 
 0.013709211441811031 
 0.7071445635369901 
 0.6389394958273382 
 0.6875478962693761 
 0.800476791015014 
 0.5122044523380364 
 0.12492339620937987 
 0.634619521497297 
 0.8903595323756084 
 0.845649355507455 
 0.2946105101602785 
 0.18058811200355185 
 0.565741479899861 
 0.43799625511291784 
 0.9135942490419344 
 0.6612257037060351 
 0.5154916606507179 
 0.7189914193760577 
 0.5866662594485215 
 0.7014610340149761 
 0.3527739733698795 
 0.6421963516702258 
 0.0509366531474198 
 0.9981778425151179 
 0.6377803096756728 
 0.7268823084221838 
 0.2569037549929011 
 0.6787891802240197 
 0.9460194987664675 
 0.6974616310700748 
 0.08077652982019778 
 0.2476746062374594 
 0.6278116542861122 
 0.0648698246179279 
 0.6586343143994529 
 0.8951750756057746 
 0.8974416166103867 
 0.4078025742911121 
 0.2794338214268224 
 0.044729159200369906 
 0.11137360182272937 
 0.7682016855755717 
 0.9847806905292452 
 0.8975149168058435 
 0.9598011824615705 
 0.8538057377522499 
 0.029317901708633798 
 0.8969840072643521 
 0.34012321626577857 
 0.1244844048550181 
 0.8767807892550619 
 0.9390570710821516 
 0.09252667224953759 
 0.30463953403932376 
 0.4633243616506437 
 0.6297829241090458 
 0.958095401214168 
 0.30579980905689663 
 0.19781642564250168 
 0.27092483890731345 
 0.14861599616565402 
 0.6837205662678099 
 0.26020409305936176 
 0.48126327131248137 
 0.9832742773950518 
 0.6359605524081612 
 0.651457899866163 
 0.6365474262440287 
 0.8432900546893811 
 0.308943253681772 
 0.02405085877616686 
 0.6056658840440733 
 0.20835368761484097 
 0.45274342400312473 
 0.520392751633346 
 0.738426000958587 
 0.3412575851992149 
 0.4632869976079045 
 0.8377204630802022 
 0.5842839043899629 
 0.6456477811029733 
 0.21398401817113388 
 0.5525766700469078 
 0.4328414940913825 
 0.12921118478490667 
 0.7340977160273583 
 0.6789920991477835 
 0.5651836875052217 
 0.7236181531393159 
 0.5290783694665799 
 0.21583514674551252 
 0.3072117768771958 
 0.531301330614799 
 0.6835796414851651 
 0.1091457756326778 
 0.8728881742068669 
 0.18143786434519793 
 0.2626023790467469 
 0.5048985100541651 
 0.4409469540889579 
 0.8780553031972914 
 0.707375189965595 
 0.9073481758229143 
 0.13783206688080474 
 0.9899918331935584 
 0.5979498374862365 
 0.34831653064271173 
 0.37326193174311995 
 0.23638819311722992 
 0.2706118323869172 
 0.6345813532712147 
 0.5183228350393768 
 0.6952059880402734 
 0.5809546924927909 
 0.6736620295797943 
 0.7428016737201761 
 0.8981542223169451 
 0.5923721876778031 
 0.9660882479242304 
 0.11299413915367096 
 0.035658001766526115 
 0.9803025812738226 
 0.3261096194273163 
 0.4728068661344331 
 0.9537393870695685 
 0.7903738214255269 
 0.0647214478196666 
 0.7111115430541227 
 0.6993646382751536 
 0.5043821224786779 
 0.8743551024589369 
 0.0007780970033043344 
 0.48953545340096416 
 0.5070499030867958 
 0.8191221745423172 
 0.009722626372506538 
 0.6060953147183273 
 0.962246855254378 
 0.8681210145552218 
 0.03299826361338909 
 0.3702911645019479 
 0.8567733267117135 
 0.3218233925921553 
 0.7445401866401337 
 0.3608042029360423 
 0.26299187862764895 
 0.24566533052601291 
 0.9452101082028223 
 0.6834624754951912 
 0.2806035076157748 
 0.8883911526389167 
 0.8746906171666243 
 0.015295835852330963 
 0.7615405656877623 
 0.933889633427253 
 0.5886554330613308 
 0.34876070597915876 
 0.42990943268020343 
 0.20680243526999986 
 0.6717236147558963 
 0.5469810097295503 
 0.42643357033965257 
 0.3793933950097935 
 0.4821185373339696 
 0.9904358756901579 
 0.2585929088945208 
 0.7224306099718012 
 0.903775732028739 
 0.5177863590715039 
 0.12631994933851787 
 0.41740555656149136 
 0.48600535636177533 
 0.3061992077117267 
 0.5932476922982687 
 0.24288182565294048 
 0.5744718682890376 
 0.09908909659129761 
 0.16727311208426798 
 0.9592482880866015 
 0.6688817578146784 
 0.48036889934602955 
 0.4613414668454957 
 0.621024190204678 
 0.523520881864065 
 0.6647967132482623 
 0.7950068484821231 
 0.6869029035639372 
 0.26957342300179876 
 0.3585225271117768 
 0.9503855402792664 
 0.3156602543716166 
 0.002463639780777016 
 0.5826423094751794 
 0.5855113954378633 
 0.14481557630789488 
 0.5703434593612036 
 0.5778942164634108 
 0.43568134459115615 
 0.019047966365045133 
 0.7566685018461521 
 0.06837770998545734 
 0.39823572954051134 
 0.44194219125308376 
 0.5451719037622104 
 0.18632258553818648 
 0.8316594854163489 
 0.8830061046618031 
 0.21443016350279165 
 0.047754046638124215 
 0.8282106936703666 
 0.5531953938473151 
 0.6366195104034045 
 0.23455244788491758 
 0.13939134025868438 
 0.27249741568352637 
 0.07520499782431056 
 0.2027794664322764 
 0.0496963689737423 
 0.16627923906994457 
 0.6286927628144894 
 0.5390114405272293 
 0.1661349287302799 
 0.7113436546868329 
 0.20393563867937958 
 0.05439642599393846 
 0.7577406485244824 
 0.29617066906952294 
 0.38922585138353283 
 0.1789461465209834 
 0.4448294329855049 
 0.7218796668942057 
 0.9509845580920981 
 0.5133840824617539 
 0.6049279506453934 
 0.49442637125058175 
 0.5839716351224424 
 0.7776108710776939 
 0.9561670993167082 
 0.40795831356179946 
 0.45662739965411625 
 0.2783508393931634 
 0.5307068650794974 
 0.23251973667405224 
 0.1458353869382557 
 0.5372223737197555 
 0.19039974064493725 
 0.6367095371242729 
 0.3455589732480827 
 0.6925821064812467 
 0.7618578358924617 
 0.8332665463586858 
 0.42871155698611396 
 0.27222949634869265 
 0.5382749026209568 
 0.5587932974023467 
 0.6098191902570204 
 0.6042130318842287 
 0.9345781248662443 
 0.6274672405216664 
 0.5175004938839112 
 0.057237935359576664 
 0.9850336392350081 
 0.8810902534012158 
 0.9357697550188581 
 0.03715573648017334 
 0.5279857088545131 
 0.7336444383170798 
 0.941625313667716 
 0.695917398707989 
 0.4221502397037513 
 0.6540279859417972 
 0.4225547001007761 
 0.1693767451151701 
 0.7425809968504313 
 0.2968767249896196 
 0.9789926821884414 
 0.052293976285541555 
 0.15605465270046737 
 0.2842598038288836 
 0.11257435767052004 
 0.2646258349934828 
 0.915551028729562 
 0.8885157191867467 
 0.22492308912940995 
 0.5974700686734322 
 0.1425743458121893 
 0.7468293756487268 
 0.6467476793445879 
 0.8122136563981344 
 0.8402044492457872 
 0.09476755019262906 
 0.5826235881549949 
 0.5218271583491564 
 0.34949128272847907 
 0.8588000139889722 
 0.8197563976125514 
 0.3154882617180126 
 0.0555217228943683 
 0.3596415471604326 
 0.9128560135776318 
 0.8999043150218583 
 0.10316680245025156 
 0.5039379511109234 
 0.4180194019037775 
 0.4819139301818117 
 0.1668895170011766 
 0.3659039252101616 
 0.21462403943595454 
 0.9385031400952657 
 0.8172892784116536 
 0.8283933441807919 
 0.896558238450366 
 0.09114751575321023 
 0.8289147769585636 
 0.9765957479116689 
 0.05565616917937355 
 0.021909090730934166 
 0.9150710028842638 
 0.3667916621813734 
 0.6738041328253359 
 0.15957536460753874 
 0.0676911126589218 
 0.7326566300705551 
 0.3138085409272413 
 0.43672301330590646 
 0.132398894374113 
 0.041228131021489034 
 0.601280152542833 
 0.5710802012373981 
 0.1392504816849347 
 0.6117000762595788 
 0.30591575629266166 
 0.8602653365977573 
 0.47209398107628864 
 0.783091140491192 
 0.7062397237166861 
 0.68286955897928 
 0.787888385978785 
 0.1692151350570822 
 0.8525070180222131 
 0.5590782406500461 
 0.320742750356382 
 0.716087549459323 
 0.035756094308195596 
 0.18347999302085105 
 0.7703160082427299 
 0.8119691289537866 
 0.8845893804548121 
 0.2878607774064833 
 0.3982398215808941 
 0.6013694875121203 
 0.26127790643331184 
 0.1052816371430021 
 0.9996331138168144 
 0.7583185933436378 
 0.3249623410245681 
 0.7021269427349693 
 0.7260552231491177 
 0.27304291069753384 
 0.08310838019395339 
 0.7685507814692762 
 0.1038481295034488 
 0.26844911131530114 
 0.6876702510554592 
 0.36195544678817493 
 0.49407971308921306 
 0.13855427129876974 
 0.8910966710346935 
 0.08253277591544916 
 0.13863468216579322 
 0.9068126160071415 
 0.9803501821906105 
 0.8343000690261086 
 0.2527344691319824 
 0.02151055930635426 
 0.6100845466469557 
 0.6537534823694384 
 0.006741130232062242 
 0.6246254315667437 
 0.07286937869380228 
 0.7660995347526759 
 0.5528632794848658 
 0.9477304126287217 
 0.2908964088524607 
 0.9503973462591323 
 0.6720318336300243 
 0.6799461044902314 
 0.043643318164417355 
 0.7380208702755751 
 0.6015570480102875 
 0.4891503067357469 
 0.4433110884772591 
 0.7818955058144115 
 0.463010171658074 
 0.5641160414760445 
 0.11067905719863036 
 0.0036977812516231223 
 0.41396629078598624 
 0.16234480288265907 
 0.8914909630817995 
 0.4288911034709686 
 0.48785195144316673 
 0.6472140692837458 
 0.5389080075994344 
 0.06691972730132545 
 0.18571138624897554 
 0.4352026896313558 
 0.8324034055384233 
 0.15118963781791128 
 0.41534673111094567 
 0.7470360141300724 
 0.13492426973776406 
 0.9808636222610339 
 0.151300725618974 
 0.8261735295990739 
 0.87492386873867 
 0.16727826478591357 
 0.15723827131268386 
 0.6028821504957228 
 0.15634750214510962 
 0.34563320583980806 
 0.2672218717706931 
 0.15029412260751496 
 0.45401689222981856 
 0.3871674737401648 
 0.6860513643751143 
 0.7546804409076507 
 0.5225042027363216 
 0.48429233755143 
 0.8604165182967158 
 0.38862486545891517 
 0.762334994517357 
 0.16064772644969794 
 0.4927461642821983 
 0.7559145842763169 
 0.11800836169909845 
 0.05348925039915908 
 0.3040905133981022 
 0.4475584283467705 
 0.9522250354829865 
 0.022293341006665135 
 0.9157733459019082 
 0.7704497107510537 
 0.26794743220615913 
 0.35910950105675443 
 0.012414176800671584 
 0.28182180308537697 
 0.6648939115784644 
 0.841626790530551 
 0.8173868250329681 
 0.6326281090969847 
 0.7828846899572581 
 0.9589999917931421 
 0.0019104539888474825 
 0.8894504553997217 
 0.07763290883623242 
 0.3162569400322376 
 0.3198182992577926 
 0.7942561934409013 
 0.31434898160485614 
 0.7379077722486579 
 0.9227595834692132 
 0.8167190816471888 
 0.10990680763949234 
 0.054214578714411266 
 0.5742845385201101 
 0.92147161696791 
 0.23851010119353522 
 0.8725448119212097 
 0.11195510457082203 
 0.39503654789755893 
 0.5495722956094541 
 0.6646092992435189 
 0.9304144884777472 
 0.7804613334073829 
 0.2603059710247625 
 0.5499722449447764 
 0.6647276643660281 
 0.9715077155398647 
 0.5325640108986105 
 0.9233632145500082 
 0.3772734106071418 
 0.4528681534213359 
 0.9733073493529203 
 0.21742212939035144 
 0.7707910062945421 
 0.8266599063522928 
 0.959953140948178 
 0.7286663766841625 
 0.9239983100162388 
 0.7705530833490314 
 0.48998324316208 
 0.5253709243134475 
 0.47945399139768086 
 0.34372974349613283 
 0.4591770528096035 
 0.07424457895290437 
 0.1111405947276709 
 0.8236228713169804 
 0.5036183500388384 
 0.23093936217488886 
 0.6091867838776305 
 0.5862779978256999 
 0.6550066838275277 
 0.9374621038899473 
 0.6046717187736838 
 0.42732078356872805 
 0.5034115165650038 
 0.019777530720215153 
 0.32815342510465884 
 0.40170853711615495 
 0.09401926345679323 
 0.5824101539933467 
 0.2879208648589491 
 0.6829912339298706 
 0.027828688288642045 
 0.9662415568779594 
 0.38241951016096143 
 0.4519411033371926 
 0.7607273289221094 
 0.15127492801657727 
 0.18737166265989247 
 0.3690903369222378 
 0.7205286858533198 
 0.33581847537436915 
 0.03542692209755993 
 0.8506889313512155 
 0.6445624993347504 
 0.8449735954840273 
 0.9816449626546164 
 0.9351089100087095 
 0.5898163044210563 
 0.7833065051573859 
 0.5297273545874446 
 0.31096256134711797 
 0.6808609689420129 
 0.6600996738914251 
 0.6203387401541374 
 0.5266338394582065 
 0.32419375293289465 
 0.08709474015397656 
 0.4286878621799939 
 0.9058196451117118 
 0.8684180144216749 
 0.8681169684181117 
 0.22080927853460697 
 0.38988174296112066 
 0.16608467968416174 
 0.44737184748992576 
 0.15219551597947278 
 0.6665818760585127 
 0.01633418719646662 
 0.636672128164491 
 0.5085035366102613 
 0.4946960743591917 
 0.2779735410154117 
 0.2862554130301077 
 0.8383661027671319 
 0.09866464917577089 
 0.14447251672330796 
 0.8128735501744988 
 0.977502055011216 
 0.3966722046235537 
 0.9732194495549819 
 0.7100922970727382 
 0.5320148581386621 
 0.13906270758581774 
 0.7692663272465342 
 0.04488868365984977 
 0.9220917993546315 
 0.6626329050475204 
 0.43810069996639545 
 0.7748176942311432 
 0.6509373051224325 
 0.3968467916115821 
 0.020241207403685624 
 0.4191460598845267 
 0.1502323240707012 
 0.19521207241168248 
 0.37153618384915266 
 0.19502095456482837 
 0.5039999583384164 
 0.16089087996325002 
 0.501247951229424 
 0.16526429521217978 
 0.34994123647137043 
 0.3343125997759636 
 0.8556241401727034 
 0.2660749859954069 
 0.8805772823085783 
 0.3835123132194148 
 0.8044914202631477 
 0.34691909624056605 
 0.5401637550680329 
 0.9454779333458367 
 0.42343721733586737 
 0.08852455302415452 
 0.7457181247422968 
 0.25705864527039335 
 0.631686200203671 
 0.4280747299584693 
 0.7160260222059515 
 0.21099422363517017 
 0.5727207671289588 
 0.861165123430347 
 0.027664101434650257 
 0.299296219046316 
 0.5769577784261017 
 0.5162960517531192 
 0.2938329427033902 
 0.2594534224763251 
 0.7396884291891684 
 0.8354391172916811 
 0.5346311868921131 
 0.87870376851784 
 0.6865131681105505 
 0.16530082102311194 
 0.016092734900809647 
 0.8198666784604883 
 0.5933947656479441 
 0.9900869176130627 
 0.7601709441938412 
 0.5759183238812641 
 0.7620341951471998 
 0.35514644898499936 
 0.34001946268445093 
 0.43302808634046364 
 0.45103240287502755 
 0.5425609217558625 
 0.09614723739709763 
 0.6951815185925653 
 0.9220801750988938 
 0.4303822914967069 
 0.32791624685891174 
 0.2632152340621835 
 0.7126654755906685 
 0.2688069645689891 
 0.6158916778796881 
 0.39159607268310626 
 0.8922103280302492 
 0.7259138831880616 
 0.28157905735981914 
 0.40883037851626003 
 0.1970124703797821 
 0.729802771680704 
 0.905399150429073 
 0.6086957648871687 
 0.13115454117152714 
 0.8550793996228981 
 0.7021114219581154 
 0.39164184947098446 
 0.4861470884282886 
 0.293396700794753 
 0.2724141462204259 
 0.290670072769732 
 0.3603914380008444 
 0.35498353851452114 
 0.016214799256506263 
 0.28880054320374837 
 0.8809232986981484 
 0.5056004754597141 
 0.6906109394931136 
 0.8424142262680911 
 0.7854571588892518 
 0.6664380650013318 
 0.061466535872946926 
 0.8086875086558328 
 0.4488100566642582 
 0.8237346152522774 
 0.6438971189784558 
 0.7175008896241012 
 0.9006835806324707 
 0.4997994348954269 
 0.48579566193581614 
 0.9387733867765511 
 0.5529360042977192 
 0.2021641386081091 
 0.371090470826576 
 0.14911013538979434 
 0.794126932054797 
 0.15224087320737978 
 0.12060542049901024 
 0.3308349534470393 
 0.4040452062845026 
 0.1023224963306607 
 0.3354541737565536 
 0.8470695687822366 
 0.3684775668813485 
 0.8378903229481814 
 0.194890354694099 
 0.056022487061106796 
 0.2805999616223088 
 0.4509020126690457 
 0.46821549758662306 
 0.2832125971164421 
 0.1666541757090395 
 0.14750880152371804 
 0.5442414399418495 
 0.2448463004006899 
 0.9035985778283645 
 0.09286065140329569 
 0.5070415622660205 
 0.7317349009838012 
 0.1344890267966279 
 0.03393708269457474 
 0.9426194542585804 
 0.5520016354540969 
 0.061444234102841166 
 0.2997987609150212 
 